num_rows num_cols num_procs avg_time total_time
10 10 2 0.0000004410 0.0000257580
10 10 2 0.0000004710 0.0000288040
10 10 2 0.0000004210 0.0000235940
10 10 2 0.0000004210 0.0000481810
10 10 2 0.0000004500 0.0000204980
10 10 2 0.0000004200 0.0001564330
10 10 2 0.0000006210 0.0000244350
10 10 2 0.0000004500 0.0000157790
10 10 2 0.0000004510 0.0000797490
10 10 2 0.0000005010 0.0002556790
10 10 2 0.0000004510 0.0000351260
10 10 2 0.0000005110 0.0002730010
10 10 2 0.0000004800 0.0000519570
10 10 2 0.0000004600 0.0000526490
10 10 2 0.0000004420 0.0001215380
10 10 2 0.0000004910 0.0000198870
10 10 2 0.0000004410 0.0001103270
10 10 2 0.0000006000 0.0002537650
10 10 2 0.0000004600 0.0000313590
10 10 2 0.0000004910 0.0002534250
10 10 3 0.0000002650 0.0000612950
10 10 3 0.0000002900 0.0000282730
10 10 3 0.0000003300 0.0000877940
10 10 3 0.0000002710 0.0000281530
10 10 3 0.0000002900 0.0000372900
10 10 3 0.0000004605 0.0000287340
10 10 3 0.0000002955 0.0000479200
10 10 3 0.0000005065 0.0001193140
10 10 3 0.0000003205 0.0000250370
10 10 3 0.0000002555 0.0000387420
10 10 3 0.0000002855 0.0000238550
10 10 3 0.0000002760 0.0000186550
10 10 3 0.0000002600 0.0000264190
10 10 3 0.0000002805 0.0001314460
10 10 3 0.0000003355 0.0000596010
10 10 3 0.0000003610 0.0000265090
10 10 3 0.0000004505 0.0001360550
10 10 3 0.0000003255 0.0001779730
10 10 3 0.0000002700 0.0000967410
10 10 3 0.0000003260 0.0000381510
10 10 4 0.0000002567 0.0000356870
10 10 4 0.0000002277 0.0000304870
10 10 4 0.0000002300 0.0000653430
10 10 4 0.0000002607 0.0000334120
10 10 4 0.0000002407 0.0001942740
10 10 4 0.0000002533 0.0000271110
10 10 4 0.0000002313 0.0000750310
10 10 4 0.0000002140 0.0002170570
10 10 4 0.0000002207 0.0000305570
10 10 4 0.0000002133 0.0001803180
10 10 4 0.0000002067 0.0002983480
10 10 4 0.0000002140 0.0002179180
10 10 4 0.0000003070 0.0000530890
10 10 4 0.0000003473 0.0000659840
10 10 4 0.0000002433 0.0001753690
10 10 4 0.0000002680 0.0001834540
10 10 4 0.0000002437 0.0001510020
10 10 4 0.0000002673 0.0003149200
10 10 4 0.0000002340 0.0002584040
10 10 4 0.0000002600 0.0002604180
10 10 5 0.0000002427 0.0002059350
10 10 5 0.0000002880 0.0001422060
10 10 5 0.0000002055 0.0000426190
10 10 5 0.0000002155 0.0001814590
10 10 5 0.0000002300 0.0000592910
10 10 5 0.0000002303 0.0000766740
10 10 5 0.0000001925 0.0001772110
10 10 5 0.0000002310 0.0002084800
10 10 5 0.0000002150 0.0000987250
10 10 5 0.0000002180 0.0001427270
10 10 5 0.0000001730 0.0000790780
10 10 5 0.0000002258 0.0002202220
10 10 5 0.0000002077 0.0001177910
10 10 5 0.0000001925 0.0000775350
10 10 5 0.0000001950 0.0002026100
10 10 5 0.0000002055 0.0001386700
10 10 5 0.0000002303 0.0000662540
10 10 5 0.0000002758 0.0001852070
10 10 5 0.0000002555 0.0000614350
10 10 5 0.0000002032 0.0001528160
10 10 6 0.0000002022 0.0000853290
10 10 6 0.0000001800 0.0002603580
10 10 6 0.0000001982 0.0001930510
10 10 6 0.0000001946 0.0001267380
10 10 6 0.0000001864 0.0000680970
10 10 6 0.0000002500 0.0001235110
10 10 6 0.0000002406 0.0000566260
10 10 6 0.0000001900 0.0001387400
10 10 6 0.0000001882 0.0001800370
10 10 6 0.0000001824 0.0003609360
10 10 6 0.0000001742 0.0002359120
10 10 6 0.0000002044 0.0001009690
10 10 6 0.0000002064 0.0004461560
10 10 6 0.0000001782 0.0003082470
10 10 6 0.0000002184 0.0001998740
10 10 6 0.0000001906 0.0001005080
10 10 6 0.0000003828 0.0001325280
10 10 6 0.0000002000 0.0002036710
10 10 6 0.0000001722 0.0000918720
10 10 6 0.0000002022 0.0000584690
10 10 7 0.0000001683 0.0002795540
10 10 7 0.0000001457 0.0002552980
10 10 7 0.0000002052 0.0001147140
10 10 7 0.0000001868 0.0002186090
10 10 7 0.0000001987 0.0001793960
10 10 7 0.0000002140 0.0000851290
10 10 7 0.0000002172 0.0001932020
10 10 7 0.0000001817 0.0001358540
10 10 7 0.0000001652 0.0001773110
10 10 7 0.0000001987 0.0002754960
10 10 7 0.0000001690 0.0001216880
10 10 7 0.0000001752 0.0003507060
10 10 7 0.0000001987 0.0003888980
10 10 7 0.0000001938 0.0003312500
10 10 7 0.0000001905 0.0001450120
10 10 7 0.0000001822 0.0000681570
10 10 7 0.0000002342 0.0003066540
10 10 7 0.0000002222 0.0002413520
10 10 7 0.0000002942 0.0001860580
10 10 7 0.0000001822 0.0002870480
10 10 8 0.0000001944 0.0001850160
10 10 8 0.0000001760 0.0000768840
10 10 8 0.0000001790 0.0002408210
10 10 8 0.0000001617 0.0000908200
10 10 8 0.0000001904 0.0001527560
10 10 8 0.0000002044 0.0000905600
10 10 8 0.0000001647 0.0003572590
10 10 8 0.0000001543 0.0002943110
10 10 8 0.0000001421 0.0005283290
10 10 8 0.0000001803 0.0004241340
10 10 8 0.0000001443 0.0002010860
10 10 8 0.0000002391 0.0001582560
10 10 8 0.0000001934 0.0002937500
10 10 8 0.0000002006 0.0002311530
10 10 8 0.0000001517 0.0005998730
10 10 8 0.0000001833 0.0002404600
10 10 8 0.0000001931 0.0004006900
10 10 8 0.0000002149 0.0004039060
10 10 8 0.0000002163 0.0001828730
10 10 8 0.0000002133 0.0002234390
50 50 2 0.0000028350 0.0000809510
50 50 2 0.0000053050 0.0001306540
50 50 2 0.0000028560 0.0000929340
50 50 2 0.0000027830 0.0000597320
50 50 2 0.0000035370 0.0000649620
50 50 2 0.0000035570 0.0000635690
50 50 2 0.0000027590 0.0000871130
50 50 2 0.0000038500 0.0001089240
50 50 2 0.0000035390 0.0001022110
50 50 2 0.0000036780 0.0000924530
50 50 2 0.0000035460 0.0000729870
50 50 2 0.0000031380 0.0000860810
50 50 2 0.0000032250 0.0000592710
50 50 2 0.0000036550 0.0000692800
50 50 2 0.0000053800 0.0001158170
50 50 2 0.0000034790 0.0000679570
50 50 2 0.0000027420 0.0000673960
50 50 2 0.0000034970 0.0001012500
50 50 2 0.0000053230 0.0000674670
50 50 2 0.0000038570 0.0001036340
50 50 3 0.0000015070 0.0000919820
50 50 3 0.0000022255 0.0001401320
50 50 3 0.0000017540 0.0000885260
50 50 3 0.0000019275 0.0001364450
50 50 3 0.0000019275 0.0000881250
50 50 3 0.0000022000 0.0000793680
50 50 3 0.0000017975 0.0000869330
50 50 3 0.0000018780 0.0000714830
50 50 3 0.0000019980 0.0000920320
50 50 3 0.0000020665 0.0001676840
50 50 3 0.0000017190 0.0000899990
50 50 3 0.0000015240 0.0000736280
50 50 3 0.0000020725 0.0000820140
50 50 3 0.0000019235 0.0001058080
50 50 3 0.0000018170 0.0000813830
50 50 3 0.0000014670 0.0000773050
50 50 3 0.0000018790 0.0001312560
50 50 3 0.0000017775 0.0000873240
50 50 3 0.0000016775 0.0000515270
50 50 3 0.0000019335 0.0001235310
50 50 4 0.0000011283 0.0000640200
50 50 4 0.0000012833 0.0001209660
50 50 4 0.0000013083 0.0001434590
50 50 4 0.0000015900 0.0001074110
50 50 4 0.0000012550 0.0000826950
50 50 4 0.0000017440 0.0001090440
50 50 4 0.0000013960 0.0000776050
50 50 4 0.0000012993 0.0000996660
50 50 4 0.0000014363 0.0001423560
50 50 4 0.0000013713 0.0000979130
50 50 4 0.0000015670 0.0001490490
50 50 4 0.0000014690 0.0001358340
50 50 4 0.0000012453 0.0001492690
50 50 4 0.0000013060 0.0000839470
50 50 4 0.0000011017 0.0000796790
50 50 4 0.0000014027 0.0000829650
50 50 4 0.0000013283 0.0002874380
50 50 4 0.0000014687 0.0001176410
50 50 4 0.0000013467 0.0000722250
50 50 4 0.0000013293 0.0000995960
50 50 5 0.0000010978 0.0000853400
50 50 5 0.0000012407 0.0001441100
50 50 5 0.0000011663 0.0000836370
50 50 5 0.0000010235 0.0000743800
50 50 5 0.0000012775 0.0001977010
50 50 5 0.0000010522 0.0001084430
50 50 5 0.0000011465 0.0001087240
50 50 5 0.0000012448 0.0001865490
50 50 5 0.0000012550 0.0000898980
50 50 5 0.0000011830 0.0001189120
50 50 5 0.0000012130 0.0000798900
50 50 5 0.0000011922 0.0001499110
50 50 5 0.0000010213 0.0000834060
50 50 5 0.0000012315 0.0002870370
50 50 5 0.0000011075 0.0000907300
50 50 5 0.0000010597 0.0001772120
50 50 5 0.0000010565 0.0001209970
50 50 5 0.0000010820 0.0000886450
50 50 5 0.0000010313 0.0000971220
50 50 5 0.0000009650 0.0001363850
50 50 6 0.0000010506 0.0001464440
50 50 6 0.0000008950 0.0000993860
50 50 6 0.0000010058 0.0001290120
50 50 6 0.0000011008 0.0001242920
50 50 6 0.0000010500 0.0001017700
50 50 6 0.0000008974 0.0001085830
50 50 6 0.0000010840 0.0001778530
50 50 6 0.0000010914 0.0021822850
50 50 6 0.0000010252 0.0001136720
50 50 6 0.0000009514 0.0001017710
50 50 6 0.0000010634 0.0001013090
50 50 6 0.0000011182 0.0001383090
50 50 6 0.0000009964 0.0001087140
50 50 6 0.0000010818 0.0001075210
50 50 6 0.0000008390 0.0000854200
50 50 6 0.0000009710 0.0003082670
50 50 6 0.0000011500 0.0001366160
50 50 6 0.0000007922 0.0001400830
50 50 6 0.0000009048 0.0001672830
50 50 6 0.0000007696 0.0001697680
50 50 7 0.0000008757 0.0005468430
50 50 7 0.0000009402 0.0003318010
50 50 7 0.0000008982 0.0003812140
50 50 7 0.0000008700 0.0001504820
50 50 7 0.0000008373 0.0001052670
50 50 7 0.0000008512 0.0001054270
50 50 7 0.0000007917 0.0001278000
50 50 7 0.0000008210 0.0001551600
50 50 7 0.0000008343 0.0003870240
50 50 7 0.0000007998 0.0005312240
50 50 7 0.0000008490 0.0002433650
50 50 7 0.0000008543 0.0001135430
50 50 7 0.0000008447 0.0002282270
50 50 7 0.0000008867 0.0001458430
50 50 7 0.0000009213 0.0020534790
50 50 7 0.0000007912 0.0001190530
50 50 7 0.0000008487 0.0002134500
50 50 7 0.0000008635 0.0002048540
50 50 7 0.0000009412 0.0002716380
50 50 7 0.0000008532 0.0003414990
50 50 8 0.0000007530 0.0006884990
50 50 8 0.0000007984 0.0003387640
50 50 8 0.0000008624 0.0003908170
50 50 8 0.0000007027 0.0001074810
50 50 8 0.0000008426 0.0001905460
50 50 8 0.0000006841 0.0001526560
50 50 8 0.0000007543 0.0010181260
50 50 8 0.0000007799 0.0006973360
50 50 8 0.0000008514 0.0014806320
50 50 8 0.0000007136 0.0012131910
50 50 8 0.0000008831 0.0010965630
50 50 8 0.0000007030 0.0001124710
50 50 8 0.0000007050 0.0000982630
50 50 8 0.0000007826 0.0003897190
50 50 8 0.0000007170 0.0001797870
50 50 8 0.0000007754 0.0007024550
50 50 8 0.0000007927 0.0004885240
50 50 8 0.0000007940 0.0002593550
50 50 8 0.0000009050 0.0021197480
50 50 8 0.0000008801 0.0001772110
100 100 2 0.0000092310 0.0001605710
100 100 2 0.0000125450 0.0001128620
100 100 2 0.0000090250 0.0001084830
100 100 2 0.0000127740 0.0000954690
100 100 2 0.0000089210 0.0001460240
100 100 2 0.0000124810 0.0002134670
100 100 2 0.0000111080 0.0001009190
100 100 2 0.0000088710 0.0001500010
100 100 2 0.0000105120 0.0003302980
100 100 2 0.0000124780 0.0001068300
100 100 2 0.0000108580 0.0003053010
100 100 2 0.0000114720 0.0002199120
100 100 2 0.0000129270 0.0000967010
100 100 2 0.0000088290 0.0000910000
100 100 2 0.0000090260 0.0000879650
100 100 2 0.0000090490 0.0001356340
100 100 2 0.0000090800 0.0001825020
100 100 2 0.0000097410 0.0000954690
100 100 2 0.0000127080 0.0001297830
100 100 2 0.0000127240 0.0000952990
100 100 3 0.0000227780 0.0001066600
100 100 3 0.0000051345 0.0001204360
100 100 3 0.0000069920 0.0001665520
100 100 3 0.0000056405 0.0001594490
100 100 3 0.0000059220 0.0001081830
100 100 3 0.0000054045 0.0001198240
100 100 3 0.0000056715 0.0001335600
100 100 3 0.0000066195 0.0001064590
100 100 3 0.0000062655 0.0001334300
100 100 3 0.0000062815 0.0001682150
100 100 3 0.0000063985 0.0001350130
100 100 3 0.0000069675 0.0001312050
100 100 3 0.0000058090 0.0001206960
100 100 3 0.0000064220 0.0000857610
100 100 3 0.0000060785 0.0001190930
100 100 3 0.0000075930 0.0001273180
100 100 3 0.0000047050 0.0001179110
100 100 3 0.0000047250 0.0000999970
100 100 3 0.0000063750 0.0001326280
100 100 3 0.0000050985 0.0001447610
100 100 4 0.0000040783 0.0001489790
100 100 4 0.0000039450 0.0001217380
100 100 4 0.0000041857 0.0001447410
100 100 4 0.0000045210 0.0002477140
100 100 4 0.0000040133 0.0001243030
100 100 4 0.0000042710 0.0002146520
100 100 4 0.0000039243 0.0001021910
100 100 4 0.0000040413 0.0001468450
100 100 4 0.0000045983 0.0002368130
100 100 4 0.0000033300 0.0001532470
100 100 4 0.0000038893 0.0001448010
100 100 4 0.0000036933 0.0001559620
100 100 4 0.0000044010 0.0001278790
100 100 4 0.0000042527 0.0001421360
100 100 4 0.0000038963 0.0001193240
100 100 4 0.0000044233 0.0001370770
100 100 4 0.0000049150 0.0001918900
100 100 4 0.0000038780 0.0001536080
100 100 4 0.0000041833 0.0001259160
100 100 4 0.0000044247 0.0002016370
100 100 5 0.0000039805 0.0001692670
100 100 5 0.0000032177 0.0001910680
100 100 5 0.0000029035 0.0001309550
100 100 5 0.0000036728 0.0005764390
100 100 5 0.0000037253 0.0003157510
100 100 5 0.0000033862 0.0001280690
100 100 5 0.0000032645 0.0001963880
100 100 5 0.0000032330 0.0001081530
100 100 5 0.0000037763 0.0001624940
100 100 5 0.0000034957 0.0001468850
100 100 5 0.0000033610 0.0001463440
100 100 5 0.0000035863 0.0001525060
100 100 5 0.0000034108 0.0001588980
100 100 5 0.0000034017 0.0001440300
100 100 5 0.0000037345 0.0001516040
100 100 5 0.0000027720 0.0001463740
100 100 5 0.0000084078 0.0001772820
100 100 5 0.0000034270 0.0001351430
100 100 5 0.0000033688 0.0001988130
100 100 5 0.0000036427 0.0002781310
100 100 6 0.0000026136 0.0001453220
100 100 6 0.0000023932 0.0001682350
100 100 6 0.0000028224 0.0003338950
100 100 6 0.0000026872 0.0001971090
100 100 6 0.0000028582 0.0004769130
100 100 6 0.0000027848 0.0002066270
100 100 6 0.0000026034 0.0002037010
100 100 6 0.0000029904 0.0002583240
100 100 6 0.0000030114 0.0001761300
100 100 6 0.0000026476 0.0001864290
100 100 6 0.0000026304 0.0001353130
100 100 6 0.0000030612 0.0002409310
100 100 6 0.0000027800 0.0002986690
100 100 6 0.0000027576 0.0002586440
100 100 6 0.0000030792 0.0005387400
100 100 6 0.0000028164 0.0001472050
100 100 6 0.0000026326 0.0002113460
100 100 6 0.0000029674 0.0001918290
100 100 6 0.0000029742 0.0002105640
100 100 6 0.0000026268 0.0001822320
100 100 7 0.0000024095 0.0022456840
100 100 7 0.0000023017 0.0008031240
100 100 7 0.0000025802 0.0004652510
100 100 7 0.0000023988 0.0002630820
100 100 7 0.0000026510 0.0002081000
100 100 7 0.0000022498 0.0001929510
100 100 7 0.0000023873 0.0009307030
100 100 7 0.0000024438 0.0007716450
100 100 7 0.0000027017 0.0012003070
100 100 7 0.0000025328 0.0003915130
100 100 7 0.0000024290 0.0002058460
100 100 7 0.0000022468 0.0001937930
100 100 7 0.0000024203 0.0001739150
100 100 7 0.0000024827 0.0010622090
100 100 7 0.0000024943 0.0002005950
100 100 7 0.0000023390 0.0006659270
100 100 7 0.0000022733 0.0007066030
100 100 7 0.0000024192 0.0001865490
100 100 7 0.0000021407 0.0001437790
100 100 7 0.0000025093 0.0003260010
100 100 8 0.0000020143 0.0005276580
100 100 8 0.0000021037 0.0005873370
100 100 8 0.0000020953 0.0004639590
100 100 8 0.0000021033 0.0007091980
100 100 8 0.0000021004 0.0007211000
100 100 8 0.0000021117 0.0001880820
100 100 8 0.0000024777 0.0107206030
100 100 8 0.0000022023 0.0002140400
100 100 8 0.0000021899 0.0008499420
100 100 8 0.0000021969 0.0019048960
100 100 8 0.0000021176 0.0001766410
100 100 8 0.0000021290 0.0001779130
100 100 8 0.0000021080 0.0011284430
100 100 8 0.0000020183 0.0001909170
100 100 8 0.0000020994 0.0001773620
100 100 8 0.0000021059 0.0009351610
100 100 8 0.0000021623 0.0017000730
100 100 8 0.0000019894 0.0002115460
100 100 8 0.0000018674 0.0003515180
100 100 8 0.0000020864 0.0006550060
250 250 2 0.0000528760 0.0004305760
250 250 2 0.0000558590 0.0004517060
250 250 2 0.0000652240 0.0004969600
250 250 2 0.0000631960 0.0004688570
250 250 2 0.0000761100 0.0006562990
250 250 2 0.0000510040 0.0002552280
250 250 2 0.0000502450 0.0002758170
250 250 2 0.0000504830 0.0002311620
250 250 2 0.0000653570 0.0002549070
250 250 2 0.0000574040 0.0003440240
250 250 2 0.0000531430 0.0005416440
250 250 2 0.0000593630 0.0003482420
250 250 2 0.0000596050 0.0005714400
250 250 2 0.0000521840 0.0005132810
250 250 2 0.0000564200 0.0004126030
250 250 2 0.0001828880 0.0005921280
250 250 2 0.0000518270 0.0005043740
250 250 2 0.0000672650 0.0007382690
250 250 2 0.0000521260 0.0004752800
250 250 2 0.0000662780 0.0005775310
250 250 3 0.0000247900 0.0003034790
250 250 3 0.0000382585 0.0003375520
250 250 3 0.0000621080 0.0004303360
250 250 3 0.0000312110 0.0004442110
250 250 3 0.0000297405 0.0002869170
250 250 3 0.0000276750 0.0002439170
250 250 3 0.0000329840 0.0025707900
250 250 3 0.0000306180 0.0002733110
250 250 3 0.0000272005 0.0003331540
250 250 3 0.0000286045 0.0002294600
250 250 3 0.0000308520 0.0001929520
250 250 3 0.0000318980 0.0004511040
250 250 3 0.0000314460 0.0003363300
250 250 3 0.0000332865 0.0003043700
250 250 3 0.0000278180 0.0003559260
250 250 3 0.0000300540 0.0003748920
250 250 3 0.0000317970 0.0003107720
250 250 3 0.0000463610 0.0002083800
250 250 3 0.0000332955 0.0001979800
250 250 3 0.0000313715 0.0003513080
250 250 4 0.0000197200 0.0003311200
250 250 4 0.0000215787 0.0005415940
250 250 4 0.0000216320 0.0006012360
250 250 4 0.0000203853 0.0004218200
250 250 4 0.0000218040 0.0002075290
250 250 4 0.0000215943 0.0004403150
250 250 4 0.0000211963 0.0003385140
250 250 4 0.0000209180 0.0003925650
250 250 4 0.0000208920 0.0003851610
250 250 4 0.0000233663 0.0003151100
250 250 4 0.0000225650 0.0002809860
250 250 4 0.0000208327 0.0004156080
250 250 4 0.0000201350 0.0003357980
250 250 4 0.0000216527 0.0004476480
250 250 4 0.0000220273 0.0003416600
250 250 4 0.0000186687 0.0003757740
250 250 4 0.0000200913 0.0006020170
250 250 4 0.0000214773 0.0003063530
250 250 4 0.0000200413 0.0002417220
250 250 4 0.0000192547 0.0003039490
250 250 5 0.0000159353 0.0005963970
250 250 5 0.0000167433 0.0004142650
250 250 5 0.0000188730 0.0004082440
250 250 5 0.0000561072 0.0004704210
250 250 5 0.0000162390 0.0004207170
250 250 5 0.0000163795 0.0003559360
250 250 5 0.0000146895 0.0003293860
250 250 5 0.0000166320 0.0003177650
250 250 5 0.0000630745 0.0002605980
250 250 5 0.0000177150 0.0003468900
250 250 5 0.0000165013 0.0003663550
250 250 5 0.0000147997 0.0003436430
250 250 5 0.0000150557 0.0004027240
250 250 5 0.0000148615 0.0002719490
250 250 5 0.0000159815 0.0002789830
250 250 5 0.0000154728 0.0003983460
250 250 5 0.0000168557 0.0004288330
250 250 5 0.0000159353 0.0003139280
250 250 5 0.0000155600 0.0004074830
250 250 5 0.0000137755 0.0006285170
250 250 6 0.0000138914 0.0004170610
250 250 6 0.0000129802 0.0005322560
250 250 6 0.0000129876 0.0003268520
250 250 6 0.0000128384 0.0003265210
250 250 6 0.0000132080 0.0004187540
250 250 6 0.0000124702 0.0003477610
250 250 6 0.0000129532 0.0003980250
250 250 6 0.0000138020 0.0007456860
250 250 6 0.0000128354 0.0004070120
250 250 6 0.0000142278 0.0004133540
250 250 6 0.0000148504 0.0005889520
250 250 6 0.0000130978 0.0009210850
250 250 6 0.0000133584 0.0005909460
250 250 6 0.0000137712 0.0006072060
250 250 6 0.0000140626 0.0004415560
250 250 6 0.0000132444 0.0006476030
250 250 6 0.0000125438 0.0005046750
250 250 6 0.0000133956 0.0004608820
250 250 6 0.0000129986 0.0004993340
250 250 6 0.0000137270 0.0004875730
250 250 7 0.0000115148 0.0006132390
250 250 7 0.0000112437 0.0011396500
250 250 7 0.0000111677 0.0005131610
250 250 7 0.0000161843 0.0011991820
250 250 7 0.0000120283 0.0004844370
250 250 7 0.0000113030 0.0007401460
250 250 7 0.0000110198 0.0006055230
250 250 7 0.0000110735 0.0006505050
250 250 7 0.0000132507 0.0003789800
250 250 7 0.0000110050 0.0004548520
250 250 7 0.0000103010 0.0004063710
250 250 7 0.0000111558 0.0003528710
250 250 7 0.0000108918 0.0004182230
250 250 7 0.0000109618 0.0009709280
250 250 7 0.0000109760 0.0004870420
250 250 7 0.0000108730 0.0005009280
250 250 7 0.0000114738 0.0005878700
250 250 7 0.0000117572 0.0005515730
250 250 7 0.0000110978 0.0005288300
250 250 7 0.0000112635 0.0007687390
250 250 8 0.0000102091 0.0004614440
250 250 8 0.0000094824 0.0003818850
250 250 8 0.0000094039 0.0004496520
250 250 8 0.0000104823 0.0007323310
250 250 8 0.0000096964 0.0004123820
250 250 8 0.0000093227 0.0005354530
250 250 8 0.0000095209 0.0006548660
250 250 8 0.0000096661 0.0003877450
250 250 8 0.0000094669 0.0003513380
250 250 8 0.0000102564 0.0006109940
250 250 8 0.0000095399 0.0003705640
250 250 8 0.0000096620 0.0004412160
250 250 8 0.0000260250 0.0005004770
250 250 8 0.0000102197 0.0010264720
250 250 8 0.0000103304 0.0005072400
250 250 8 0.0000094736 0.0004055490
250 250 8 0.0000106471 0.0005951250
250 250 8 0.0000091560 0.0003852210
250 250 8 0.0000095216 0.0003991680
250 250 8 0.0000100044 0.0005191020
500 500 2 0.0001916340 0.0012025820
500 500 2 0.0002379040 0.0007609550
500 500 2 0.0002437030 0.0009207430
500 500 2 0.0002020660 0.0009045840
500 500 2 0.0002054690 0.0012672330
500 500 2 0.0002490850 0.0006477630
500 500 2 0.0002299450 0.0007840250
500 500 2 0.0002522710 0.0013455040
500 500 2 0.0002716410 0.0020050870
500 500 2 0.0002319680 0.0010455370
500 500 2 0.0001915000 0.0010881470
500 500 2 0.0002294910 0.0013211230
500 500 2 0.0001924400 0.0010176150
500 500 2 0.0001947270 0.0011321600
500 500 2 0.0002484320 0.0006507990
500 500 2 0.0002802650 0.0008520450
500 500 2 0.0002552690 0.0007935760
500 500 2 0.0002111330 0.0014027160
500 500 2 0.0002141040 0.0008145750
500 500 2 0.0002010150 0.0014330530
500 500 3 0.0001075705 0.0007123640
500 500 3 0.0001257760 0.0011612850
500 500 3 0.0001200525 0.0008764010
500 500 3 0.0001201595 0.0008143140
500 500 3 0.0001113400 0.0015338920
500 500 3 0.0001141400 0.0010143690
500 500 3 0.0001326335 0.0010954810
500 500 3 0.0001116245 0.0014283640
500 500 3 0.0001873825 0.0013869270
500 500 3 0.0001290625 0.0011343940
500 500 3 0.0001227040 0.0006723090
500 500 3 0.0001056310 0.0011086150
500 500 3 0.0001171155 0.0009113460
500 500 3 0.0001283510 0.0009319850
500 500 3 0.0001266015 0.0007277720
500 500 3 0.0001839275 0.0012442190
500 500 3 0.0001206725 0.0009112460
500 500 3 0.0001141115 0.0008663020
500 500 3 0.0001134700 0.0005185410
500 500 3 0.0001176385 0.0011666440
500 500 4 0.0000914907 0.0011820030
500 500 4 0.0000849733 0.0013434450
500 500 4 0.0000846743 0.0010227540
500 500 4 0.0000864227 0.0007590310
500 500 4 0.0000833873 0.0008758700
500 500 4 0.0000837267 0.0010694620
500 500 4 0.0000775803 0.0006987880
500 500 4 0.0000879350 0.0009131700
500 500 4 0.0000747843 0.0010581410
500 500 4 0.0000966877 0.0017215000
500 500 4 0.0000709660 0.0007632690
500 500 4 0.0000788913 0.0011394230
500 500 4 0.0000799347 0.0008959480
500 500 4 0.0000858500 0.0009789600
500 500 4 0.0000756007 0.0007609240
500 500 4 0.0000806553 0.0010967740
500 500 4 0.0000828143 0.0011420980
500 500 4 0.0000794873 0.0007533010
500 500 4 0.0000801730 0.0010444960
500 500 4 0.0000677617 0.0008179620
500 500 5 0.0000562967 0.0011515350
500 500 5 0.0000561213 0.0014179540
500 500 5 0.0000571750 0.0008912580
500 500 5 0.0000630847 0.0020012270
500 500 5 0.0000610023 0.0007795600
500 500 5 0.0000587325 0.0009614800
500 500 5 0.0000585388 0.0016275270
500 500 5 0.0000584083 0.0012254340
500 500 5 0.0000581998 0.0011564150
500 500 5 0.0000608232 0.0010531210
500 500 5 0.0001173782 0.0015357850
500 500 5 0.0000606080 0.0013616590
500 500 5 0.0000736460 0.0010984160
500 500 5 0.0000607935 0.0012390600
500 500 5 0.0000583208 0.0009875780
500 500 5 0.0000605042 0.0013187490
500 500 5 0.0000617708 0.0011539710
500 500 5 0.0000678740 0.0016564210
500 500 5 0.0000518230 0.0009665090
500 500 5 0.0000635855 0.0008794160
500 500 6 0.0000438464 0.0009548980
500 500 6 0.0000499650 0.0010129160
500 500 6 0.0000500428 0.0009051250
500 500 6 0.0000508092 0.0009178190
500 500 6 0.0000493572 0.0011531590
500 500 6 0.0000531928 0.0008114390
500 500 6 0.0000477086 0.0012024410
500 500 6 0.0000483932 0.0012136220
500 500 6 0.0000442002 0.0008844860
500 500 6 0.0001710292 0.0009594440
500 500 6 0.0000588884 0.0014388030
500 500 6 0.0000492952 0.0006624500
500 500 6 0.0000512020 0.0011776250
500 500 6 0.0000532360 0.0011874130
500 500 6 0.0000502710 0.0008768120
500 500 6 0.0000550914 0.0012476760
500 500 6 0.0000513470 0.0014718660
500 500 6 0.0000579752 0.0010775770
500 500 6 0.0000516118 0.0013567200
500 500 6 0.0000511884 0.0011691790
500 500 7 0.0000450587 0.0011531290
500 500 7 0.0000396027 0.0007799900
500 500 7 0.0000404088 0.0011886260
500 500 7 0.0000416123 0.0020046830
500 500 7 0.0000569587 0.0011052200
500 500 7 0.0000874078 0.0029515760
500 500 7 0.0000404762 0.0014702520
500 500 7 0.0000416275 0.0014243670
500 500 7 0.0000412760 0.0009268750
500 500 7 0.0000399917 0.0014739100
500 500 7 0.0000404995 0.0012205450
500 500 7 0.0000476417 0.0013622900
500 500 7 0.0000410612 0.0007690800
500 500 7 0.0000458423 0.0011956480
500 500 7 0.0000539480 0.0009000650
500 500 7 0.0000422110 0.0007360980
500 500 7 0.0000523932 0.0015267080
500 500 7 0.0000449595 0.0017645230
500 500 7 0.0000455843 0.0009972370
500 500 7 0.0000462548 0.0017405680
500 500 8 0.0000359749 0.0010427820
500 500 8 0.0000346541 0.0011338330
500 500 8 0.0000360151 0.0012589770
500 500 8 0.0000432129 0.0012345510
500 500 8 0.0000391257 0.0154225700
500 500 8 0.0000370540 0.0014748520
500 500 8 0.0000587876 0.0015328400
500 500 8 0.0000364079 0.0061711800
500 500 8 0.0000373094 0.0016811280
500 500 8 0.0000356014 0.0011309070
500 500 8 0.0000428220 0.0021392750
500 500 8 0.0000368257 0.0048845950
500 500 8 0.0000372114 0.0011039670
500 500 8 0.0000362110 0.0007773550
500 500 8 0.0000368981 0.0011157890
500 500 8 0.0000365020 0.0007669350
500 500 8 0.0000367711 0.0009916560
500 500 8 0.0000368137 0.0062682880
500 500 8 0.0000374430 0.0010764250
500 500 8 0.0000386204 0.0173618440
1000 1000 2 0.0008395800 0.0027597330
1000 1000 2 0.0010000960 0.0035577110
1000 1000 2 0.0008630030 0.0033938240
1000 1000 2 0.0008493040 0.0035865050
1000 1000 2 0.0011963840 0.0048537620
1000 1000 2 0.0010131770 0.0038376310
1000 1000 2 0.0007583670 0.0026226900
1000 1000 2 0.0010573240 0.0034323330
1000 1000 2 0.0012146270 0.0042351590
1000 1000 2 0.0007901310 0.0027999920
1000 1000 2 0.0010705430 0.0044243730
1000 1000 2 0.0010806140 0.0038195110
1000 1000 2 0.0007880670 0.0033142650
1000 1000 2 0.0010110190 0.0042604620
1000 1000 2 0.0008283080 0.0035648240
1000 1000 2 0.0010675060 0.0032652830
1000 1000 2 0.0008441850 0.0035891990
1000 1000 2 0.0008109670 0.0035255740
1000 1000 2 0.0010176700 0.0030650380
1000 1000 2 0.0008013220 0.0032177140
1000 1000 3 0.0004548640 0.0025206090
1000 1000 3 0.0003960710 0.0025751510
1000 1000 3 0.0004702335 0.0030133910
1000 1000 3 0.0004689280 0.0032761830
1000 1000 3 0.0005228540 0.0029383510
1000 1000 3 0.0004385255 0.0032217810
1000 1000 3 0.0005453540 0.0025013630
1000 1000 3 0.0005180090 0.0026610020
1000 1000 3 0.0005325840 0.0035767970
1000 1000 3 0.0005447955 0.0030838340
1000 1000 3 0.0004606550 0.0028102610
1000 1000 3 0.0005903520 0.0034612400
1000 1000 3 0.0004947345 0.0028442040
1000 1000 3 0.0004664145 0.0031988920
1000 1000 3 0.0004811365 0.0023164770
1000 1000 3 0.0005494380 0.0027909050
1000 1000 3 0.0004897285 0.0028159420
1000 1000 3 0.0005075470 0.0044591380
1000 1000 3 0.0005888065 0.0035993990
1000 1000 3 0.0004823025 0.0033995540
1000 1000 4 0.0003414420 0.0036624560
1000 1000 4 0.0003743877 0.0052566810
1000 1000 4 0.0003303360 0.0035061370
1000 1000 4 0.0003172987 0.0036938450
1000 1000 4 0.0003256880 0.0039678050
1000 1000 4 0.0003327967 0.0040856290
1000 1000 4 0.0003449657 0.0041146980
1000 1000 4 0.0003604597 0.0073341000
1000 1000 4 0.0003861373 0.0040528370
1000 1000 4 0.0003166053 0.0041754520
1000 1000 4 0.0003208710 0.0034183190
1000 1000 4 0.0003388073 0.0040416670
1000 1000 4 0.0003308400 0.0037504260
1000 1000 4 0.0003393393 0.0031095320
1000 1000 4 0.0003035540 0.0049177660
1000 1000 4 0.0003402660 0.0025333230
1000 1000 4 0.0003543613 0.0032171430
1000 1000 4 0.0003177597 0.0033985150
1000 1000 4 0.0002972460 0.0027048440
1000 1000 4 0.0003187630 0.0021054920
1000 1000 5 0.0002763443 0.0032317400
1000 1000 5 0.0002751922 0.0073544640
1000 1000 5 0.0002464063 0.0035560880
1000 1000 5 0.0002813137 0.0034263640
1000 1000 5 0.0003352140 0.0129976730
1000 1000 5 0.0002547485 0.0039786180
1000 1000 5 0.0002741505 0.0040094160
1000 1000 5 0.0003000172 0.0043196370
1000 1000 5 0.0002513748 0.0045333270
1000 1000 5 0.0002495348 0.0040091950
1000 1000 5 0.0002548408 0.0029966100
1000 1000 5 0.0002291897 0.0029609830
1000 1000 5 0.0002416322 0.0031678710
1000 1000 5 0.0002441323 0.0060312310
1000 1000 5 0.0002364055 0.0033860290
1000 1000 5 0.0002638748 0.0059784820
1000 1000 5 0.0002593320 0.0036017130
1000 1000 5 0.0002467265 0.0027434360
1000 1000 5 0.0002751225 0.0030475550
1000 1000 5 0.0002634535 0.0031060850
1000 1000 6 0.0002266144 0.0053428730
1000 1000 6 0.0002345868 0.0043943070
1000 1000 6 0.0002266450 0.0050431310
1000 1000 6 0.0002374214 0.0073303440
1000 1000 6 0.0001973386 0.0033958280
1000 1000 6 0.0002103442 0.0038577930
1000 1000 6 0.0001965322 0.0039469940
1000 1000 6 0.0001979034 0.0052922380
1000 1000 6 0.0002122964 0.0049806350
1000 1000 6 0.0002037926 0.0062548200
1000 1000 6 0.0002148210 0.0034548880
1000 1000 6 0.0001916816 0.0042562180
1000 1000 6 0.0002150622 0.0043112810
1000 1000 6 0.0002373612 0.0054141150
1000 1000 6 0.0002662766 0.0058188730
1000 1000 6 0.0002419634 0.0102379970
1000 1000 6 0.0002177480 0.0035350080
1000 1000 6 0.0001930404 0.0033386000
1000 1000 6 0.0001966712 0.0034951430
1000 1000 6 0.0001987532 0.0053121450
1000 1000 7 0.0001672238 0.0041686440
1000 1000 7 0.0001819102 0.0059221970
1000 1000 7 0.0001915402 0.0114977500
1000 1000 7 0.0001835882 0.0066713750
1000 1000 7 0.0001767080 0.0053050420
1000 1000 7 0.0001696607 0.0088948620
1000 1000 7 0.0001699412 0.0037927910
1000 1000 7 0.0001751503 0.0083033650
1000 1000 7 0.0001890387 0.0087187730
1000 1000 7 0.0001671242 0.0042178310
1000 1000 7 0.0001698537 0.0041308840
1000 1000 7 0.0001679267 0.0052962650
1000 1000 7 0.0001684610 0.0049727490
1000 1000 7 0.0001702078 0.0078627060
1000 1000 7 0.0001699968 0.0047374800
1000 1000 7 0.0001720230 0.0041236200
1000 1000 7 0.0001694500 0.0055155660
1000 1000 7 0.0001735790 0.0085376630
1000 1000 7 0.0001799857 0.0064588410
1000 1000 7 0.0001697558 0.0050930050
1000 1000 8 0.0001373470 0.0036678470
1000 1000 8 0.0001625860 0.0073531460
1000 1000 8 0.0001621360 0.0065880940
1000 1000 8 0.0001696934 0.0067749790
1000 1000 8 0.0001450149 0.0049072570
1000 1000 8 0.0001643443 0.0037600900
1000 1000 8 0.0001853313 0.0118866790
1000 1000 8 0.0001506010 0.0044308450
1000 1000 8 0.0001540804 0.0067559680
1000 1000 8 0.0001420881 0.0045943810
1000 1000 8 0.0001626494 0.0056530180
1000 1000 8 0.0001498694 0.0079859930
1000 1000 8 0.0001494451 0.0047373790
1000 1000 8 0.0001397254 0.0041059870
1000 1000 8 0.0001529353 0.0050118230
1000 1000 8 0.0001584151 0.0054958190
1000 1000 8 0.0001535574 0.0040236030
1000 1000 8 0.0001564800 0.0087220790
1000 1000 8 0.0001602514 0.0066205950
1000 1000 8 0.0001570050 0.0043733570
10000 10000 2 0.0911706010 0.2969793410
10000 10000 2 0.0828968790 0.1654478530
10000 10000 2 0.0840142860 0.1696004070
10000 10000 2 0.0833216970 0.1651338590
10000 10000 2 0.0837716160 0.1722316090
10000 10000 2 0.0817887340 0.1604395870
10000 10000 2 0.0814481290 0.1594900390
10000 10000 2 0.0852337190 0.1767653870
10000 10000 2 0.0876604880 0.1703944240
10000 10000 2 0.0881564920 0.1709976590
10000 10000 2 0.0876531300 0.1723888580
10000 10000 2 0.0871333220 0.1670434610
10000 10000 2 0.0826978830 0.1678576450
10000 10000 2 0.0888293620 0.1774090220
10000 10000 2 0.0882032360 0.1735572860
10000 10000 2 0.0854574200 0.1693943320
10000 10000 2 0.0867020910 0.1874976600
10000 10000 2 0.0844920330 0.1607862070
10000 10000 2 0.0865507980 0.1790972070
10000 10000 2 0.0845372710 0.1658391350
10000 10000 3 0.0447959310 0.1011191310
10000 10000 3 0.0425337470 0.0952465760
10000 10000 3 0.0409185825 0.0889755460
10000 10000 3 0.0440362820 0.1007469930
10000 10000 3 0.0434466505 0.0988712920
10000 10000 3 0.0438430400 0.0952059290
10000 10000 3 0.0432248340 0.1024291980
10000 10000 3 0.0426448995 0.0992353600
10000 10000 3 0.0427987065 0.1011136230
10000 10000 3 0.0436905900 0.0981829830
10000 10000 3 0.0443848605 0.1039812480
10000 10000 3 0.0428557910 0.0931782090
10000 10000 3 0.0458506740 0.1029083100
10000 10000 3 0.0423376930 0.0941997570
10000 10000 3 0.0435367030 0.0954337660
10000 10000 3 0.0443460420 0.1027496520
10000 10000 3 0.0415686420 0.0894374350
10000 10000 3 0.0432361665 0.0976831280
10000 10000 3 0.0447890385 0.0993371140
10000 10000 3 0.0419635895 0.0869738680
10000 10000 4 0.0305279643 0.1049161890
10000 10000 4 0.0303102850 0.0890062380
10000 10000 4 0.0292217570 0.0848355350
10000 10000 4 0.0289086450 0.0878409620
10000 10000 4 0.0303482243 0.0882262220
10000 10000 4 0.0290211267 0.0872793800
10000 10000 4 0.0278839240 0.0847953790
10000 10000 4 0.0286486017 0.0861408760
10000 10000 4 0.0292803177 0.0892208600
10000 10000 4 0.0288021230 0.0913751940
10000 10000 4 0.0290596550 0.0918238340
10000 10000 4 0.0292152693 0.0954089010
10000 10000 4 0.0291123793 0.0880368140
10000 10000 4 0.0296523637 0.0932241060
10000 10000 4 0.0292910900 0.0850868050
10000 10000 4 0.0294393970 0.0911326290
10000 10000 4 0.0289395943 0.0840326720
10000 10000 4 0.0286000517 0.0885555160
10000 10000 4 0.0305098363 0.0952349390
10000 10000 4 0.0280581007 0.0793125250
10000 10000 5 0.0228383000 0.0977488500
10000 10000 5 0.0220703890 0.0962271720
10000 10000 5 0.0221821593 0.0910333680
10000 10000 5 0.0224789375 0.0952592400
10000 10000 5 0.0217343305 0.0881285000
10000 10000 5 0.0216209970 0.0892030310
10000 10000 5 0.0215668103 0.0892349140
10000 10000 5 0.0215694162 0.0880169010
10000 10000 5 0.0220747640 0.0908766550
10000 10000 5 0.0223354475 0.0913734550
10000 10000 5 0.0223940020 0.0890644620
10000 10000 5 0.0224524452 0.0892618420
10000 10000 5 0.0224669237 0.0878753970
10000 10000 5 0.0217476693 0.0886116550
10000 10000 5 0.0224400395 0.0888168790
10000 10000 5 0.0223937740 0.0913879530
10000 10000 5 0.0231307707 0.0938799330
10000 10000 5 0.0214093755 0.0991256490
10000 10000 5 0.0223708373 0.0897168740
10000 10000 5 0.0220729582 0.0892320650
10000 10000 6 0.0182553026 0.0968008240
10000 10000 6 0.0188744804 0.0969845370
10000 10000 6 0.0172791834 0.0924957850
10000 10000 6 0.0174667230 0.0872531320
10000 10000 6 0.0178211874 0.0970409160
10000 10000 6 0.0171693344 0.0869495470
10000 10000 6 0.0183150266 0.1004099130
10000 10000 6 0.0176859910 0.0894792090
10000 10000 6 0.0175307870 0.0912349350
10000 10000 6 0.0181454228 0.0965254000
10000 10000 6 0.0175997032 0.0921023400
10000 10000 6 0.0178089472 0.0925477340
10000 10000 6 0.0182497692 0.0942631500
10000 10000 6 0.0173720490 0.0876233140
10000 10000 6 0.0179806690 0.0911552440
10000 10000 6 0.0177550126 0.0914713080
10000 10000 6 0.0174596834 0.0881210030
10000 10000 6 0.0184913442 0.0939920420
10000 10000 6 0.0179663178 0.0915178960
10000 10000 6 0.0174694740 0.0890509860
10000 10000 7 0.0146156177 0.0940038210
10000 10000 7 0.0148113152 0.0919412780
10000 10000 7 0.0154929708 0.0981683770
10000 10000 7 0.0148031625 0.0960949440
10000 10000 7 0.0149624075 0.0963053430
10000 10000 7 0.0149022717 0.0941031930
10000 10000 7 0.0148008098 0.0961641420
10000 10000 7 0.0153303992 0.0935757280
10000 10000 7 0.0149519853 0.0954935580
10000 10000 7 0.0148134585 0.0942576240
10000 10000 7 0.0153850118 0.0972529570
10000 10000 7 0.0153763348 0.0922905310
10000 10000 7 0.0152144593 0.1007163460
10000 10000 7 0.0152685538 0.0950373980
10000 10000 7 0.0149686408 0.0947519320
10000 10000 7 0.0152643402 0.0953614310
10000 10000 7 0.0144607572 0.0843296080
10000 10000 7 0.0149856653 0.0899302130
10000 10000 7 0.0151392888 0.0936967540
10000 10000 7 0.0153212963 0.0946508830
10000 10000 8 0.0129652287 0.0977453150
10000 10000 8 0.0130429837 0.1019193090
10000 10000 8 0.0131555104 0.1053170790
10000 10000 8 0.0137099050 0.1032383870
10000 10000 8 0.0130046690 0.0977520730
10000 10000 8 0.0132388667 0.1050672710
10000 10000 8 0.0130903273 0.0983370690
10000 10000 8 0.0126855264 0.0910637100
10000 10000 8 0.0129358051 0.0957949420
10000 10000 8 0.0130614877 0.0986590050
10000 10000 8 0.0129525254 0.1012519780
10000 10000 8 0.0127921706 0.0914324360
10000 10000 8 0.0129356193 0.0956858940
10000 10000 8 0.0128512260 0.0981648300
10000 10000 8 0.0134418971 0.0989122390
10000 10000 8 0.0133672011 0.0950928940
10000 10000 8 0.0130970557 0.0954373740
10000 10000 8 0.0132031709 0.0970200460
10000 10000 8 0.0127821400 0.0916610000
10000 10000 8 0.0130860644 0.0960953250
10 10 4 0.0000002603 0.0001655470
20 20 8 0.0000002964 0.0003846000
